CPI  M2 NEER  PPI IAV API
100.40 	 119.68 	 94.18 	 102.40 	 14.80 	 99.29 
 100.20 	 118.38 	 94.14 	 103.90 	 19.80 	 97.72 
 100.90 	 118.81 	 94.24 	 104.60 	 16.90 	 99.93 
 101.00 	 119.44 	 94.16 	 103.60 	 14.90 	 100.33 
 100.70 	 120.42 	 91.69 	 102.00 	 13.70 	 99.42 
 100.30 	 120.97 	 91.54 	 101.30 	 16.90 	 99.39 
 100.50 	 120.85 	 92.11 	 101.40 	 16.50 	 101.12 
 100.90 	 121.67 	 92.71 	 101.40 	 17.10 	 102.38 
 101.10 	 120.75 	 91.64 	 101.40 	 16.30 	 103.52 
 101.80 	 121.06 	 89.68 	 101.20 	 17.20 	 106.88 
 103.00 	 120.41 	 89.67 	 101.90 	 17.90 	 109.88 
 103.20 	 119.63 	 88.35 	 103.00 	 18.10 	 110.54 
 103.20 	 119.15 	 87.20 	 103.50 	 7.20 	 110.49 
 102.10 	 120.49 	 87.04 	 103.50 	 23.20 	 111.11 
 103.00 	 120.13 	 88.06 	 104.00 	 19.40 	 114.42 
 103.80 	 120.13 	 88.29 	 105.00 	 19.10 	 117.00 
 104.40 	 118.72 	 89.57 	 105.70 	 17.50 	 118.35 
 105.00 	 117.41 	 88.78 	 106.40 	 16.20 	 117.37 
 105.30 	 114.90 	 88.42 	 106.40 	 15.50 	 116.88 
 105.30 	 114.87 	 88.86 	 106.80 	 15.90 	 116.13 
 105.20 	 115.19 	 88.61 	 107.90 	 16.10 	 114.98 
 104.30 	 114.70 	 87.70 	 108.40 	 15.70 	 111.48 
 102.80 	 115.29 	 85.38 	 108.10 	 14.80 	 107.53 
 102.40 	 115.50 	 84.09 	 107.10 	 14.40 	 106.24 
 101.90 	 114.49 	 84.36 	 105.80 	 20.90 	 106.22 
 103.90 	 114.23 	 84.45 	 105.40 	 7.60 	 107.92 
 102.70 	 114.22 	 84.00 	 105.60 	 15.10 	 103.68 
 101.80 	 114.28 	 84.92 	 105.80 	 16.00 	 101.45 
 101.80 	 114.65 	 85.17 	 105.90 	 16.60 	 100.88 
 101.60 	 115.67 	 86.49 	 105.20 	 16.80 	 100.30 
 101.80 	 117.94 	 88.06 	 105.20 	 16.00 	 100.23 
 101.30 	 117.34 	 88.50 	 105.30 	 16.10 	 99.59 
 100.90 	 117.92 	 88.86 	 104.50 	 16.50 	 98.83 
 101.20 	 117.99 	 90.17 	 104.00 	 16.10 	 98.32 
 101.30 	 118.30 	 91.17 	 103.20 	 16.60 	 99.06 
 101.60 	 117.99 	 90.79 	 103.20 	 16.50 	 100.01 
 101.90 	 117.80 	 89.22 	 103.05 	 18.42 	 101.28 
 100.90 	 117.41 	 89.85 	 103.01 	 20.10 	 99.99 
 100.80 	 117.35 	 89.96 	 102.49 	 17.80 	 101.02 
 101.20 	 117.49 	 89.37 	 101.87 	 16.60 	 101.20 
 101.40 	 117.63 	 87.43 	 102.43 	 17.90 	 100.80 
 101.50 	 117.03 	 88.77 	 103.52 	 19.50 	 102.70 
 101.00 	 116.99 	 88.88 	 103.58 	 16.70 	 103.00 
 101.30 	 116.57 	 88.75 	 103.40 	 15.70 	 104.20 
 101.50 	 115.46 	 89.50 	 103.50 	 16.10 	 105.60 
 101.40 	 115.70 	 90.29 	 102.90 	 14.70 	 106.30 
 101.90 	 115.45 	 89.67 	 102.78 	 14.90 	 107.20 
 102.80 	 115.67 	 89.18 	 103.10 	 14.70 	 110.30 
 102.20 	 115.79 	 90.56 	 103.30 	 12.84 	 107.80 
 102.70 	 117.78 	 90.87 	 102.60 	 12.60 	 108.60 
 103.30 	 117.27 	 90.35 	 102.70 	 17.60 	 107.80 
 103.00 	 117.09 	 89.79 	 102.90 	 17.40 	 109.10 
 103.40 	 116.74 	 90.35 	 102.80 	 18.10 	 111.30 
 104.40 	 117.06 	 91.16 	 102.49 	 19.40 	 112.70 
 105.60 	 118.48 	 90.82 	 102.40 	 18.00 	 115.10 
 106.50 	 118.09 	 90.89 	 102.60 	 17.50 	 115.70 
 106.20 	 118.45 	 90.60 	 102.70 	 18.90 	 113.60 
 106.50 	 118.47 	 89.64 	 103.20 	 17.90 	 113.10 
 106.90 	 118.45 	 89.14 	 104.55 	 17.30 	 114.10 
 106.50 	 116.73 	 90.39 	 105.43 	 17.40 	 111.30 
 107.10 	 118.88 	 91.17 	 106.10 	 18.45 	 112.79 
 108.70 	 117.39 	 91.66 	 106.62 	 15.40 	 113.37 
 108.30 	 116.19 	 90.62 	 107.95 	 17.80 	 114.10 
 108.50 	 116.88 	 91.42 	 108.12 	 15.70 	 113.86 
 107.70 	 117.99 	 92.78 	 108.22 	 16.00 	 111.56 
 107.10 	 117.29 	 94.21 	 108.84 	 16.00 	 109.10 
 106.30 	 116.28 	 94.43 	 110.03 	 14.70 	 106.80 
 104.90 	 115.92 	 96.86 	 110.06 	 12.80 	 104.71 
 104.60 	 115.21 	 99.46 	 109.13 	 11.40 	 104.95 
 104.00 	 114.95 	 103.89 	 106.59 	 8.20 	 104.26 
 102.40 	 114.73 	 106.33 	 101.99 	 5.40 	 100.19 
 101.20 	 117.79 	 103.63 	 98.86 	 5.70 	 98.55 
 101.00 	 118.74 	 104.51 	 96.65 	 7.45 	 97.98 
 98.40 	 120.35 	 107.29 	 95.53 	 11.00 	 94.40 
 98.80 	 125.43 	 107.96 	 94.00 	 8.30 	 96.51 
 98.50 	 125.89 	 106.00 	 93.40 	 7.30 	 96.11 
 98.60 	 125.68 	 103.15 	 92.80 	 8.90 	 95.77 
 98.30 	 128.38 	 101.84 	 92.20 	 10.70 	 95.46 
 98.20 	 128.39 	 101.31 	 91.80 	 10.80 	 96.32 
 98.80 	 128.48 	 100.48 	 92.14 	 12.30 	 97.28 
 99.20 	 129.26 	 99.08 	 93.01 	 13.90 	 99.97 
 99.50 	 129.46 	 97.69 	 94.15 	 16.10 	 100.34 
 100.60 	 129.64 	 97.05 	 97.92 	 19.20 	 104.70 
 101.90 	 127.58 	 97.77 	 101.70 	 18.50 	 107.70 
 101.50 	 126.10 	 98.24 	 104.32 	 15.15 	 107.90 
 102.70 	 125.53 	 99.62 	 105.39 	 12.80 	 111.10 
 102.40 	 122.49 	 99.34 	 105.91 	 18.10 	 108.30 
 102.80 	 121.48 	 99.47 	 106.81 	 17.80 	 110.00 
 103.10 	 120.99 	 102.01 	 107.13 	 16.50 	 112.00 
 102.90 	 118.46 	 103.15 	 106.41 	 13.70 	 112.50 
 103.30 	 117.61 	 101.58 	 104.84 	 13.40 	 112.60 
 103.50 	 119.21 	 100.15 	 104.32 	 13.90 	 113.90 
 103.60 	 118.97 	 99.85 	 104.33 	 13.30 	 112.00 
 104.40 	 119.28 	 97.98 	 105.04 	 13.10 	 115.60 
 105.10 	 119.46 	 98.75 	 106.06 	 13.30 	 117.90 
 104.60 	 119.72 	 99.85 	 105.93 	 13.50 	 115.10 
 104.90 	 117.31 	 99.70 	 106.60 	 15.50 	 118.20 
 104.90 	 115.73 	 99.32 	 107.23 	 14.90 	 119.50 
 105.40 	 116.64 	 98.57 	 107.31 	 14.80 	 120.20 
 105.30 	 115.36 	 97.87 	 106.82 	 13.40 	 116.80 
 105.50 	 115.08 	 98.05 	 106.79 	 13.30 	 115.20 
 106.40 	 115.86 	 98.20 	 107.12 	 15.10 	 117.80 
 106.50 	 114.67 	 98.07 	 107.54 	 14.00 	 116.80 
 106.20 	 113.58 	 98.69 	 107.25 	 13.50 	 113.50 
 106.10 	 113.06 	 101.53 	 106.52 	 13.80 	 114.50 
 105.50 	 116.73 	 102.73 	 105.00 	 13.20 	 111.00 
 104.20 	 116.21 	 103.50 	 102.72 	 12.40 	 104.30 
 104.10 	 117.32 	 104.79 	 101.69 	 12.80 	 104.70 
 104.50 	 116.63 	 105.17 	 100.73 	 12.70 	 103.50 
 103.20 	 117.80 	 104.14 	 100.03 	 11.40 	 101.00 
 103.60 	 118.13 	 104.97 	 99.70 	 11.90 	 101.30 
 103.40 	 117.46 	 105.14 	 99.30 	 9.30 	 101.30 
 103.00 	 117.90 	 106.06 	 98.60 	 9.60 	 100.80 
 102.20 	 118.46 	 106.49 	 97.90 	 9.50 	 96.90 
 101.80 	 118.91 	 106.28 	 97.10 	 9.20 	 95.50 
 102.00 	 118.45 	 105.79 	 96.50 	 8.90 	 98.24 
 101.90 	 119.85 	 104.99 	 96.40 	 9.20 	 96.90 
 101.70 	 114.64 	 105.67 	 97.20 	 9.60 	 96.40 
 102.00 	 114.46 	 106.92 	 97.80 	 10.10 	 99.68 