M1
60577 
58704 
59476 
60462 
61248 
63145 
63488 
64870 
66800 
67101 
67993 
70882 
72406 
69757 
71439 
71322 
72778 
75924 
76153 
77033 
79164 
80267 
80815 
84119 
83806 
83556 
85816 
85604 
86780 
88627 
86780 
89125 
90439 
90782 
92387 
95971 
97079 
92815 
94743 
94594 
95802 
98601 
97674 
99378 
100964 
101752 
104126 
107279 
107251 
104357 
106737 
106389 
109219 
112342 
112653 
114846 
116814 
118360 
121645 
126028 
128484 
126258 
127881 
127678 
130276 
135847 
136237 
140993 
142592 
144649 
148010 
152519 
154873 
150178 
150867 
151695 
153345 
154820 
154992 
156890 
155749 
157194 
157827 
166217 
165214 
166150 
176541 
178214 
182026 
193138 
195889 
200395 
201708 
207546 
212493 
221446 
229589 
224287 
229398 
233910 
236498 
240580 
240664 
244341 
243822 
253313 
259420 
266622 
261765 
259201 
266255 
266767 
269290 
274663 
270546 
273394 
267193 
276553 
281416 
289848 
270010 
270312 
277998 
274984 
278656 
287526 
283091 
285739 
286788 
293310 
296883 
308673 
311229 
296103 
310898 
307648 
310204 
313500 
310596 
314081 
