Year    y       x1      x2      x3
1988	15.73	15037	1366	18.8
1989	15.04	17001	1519	18
1990	14.39	18718	1644	3.1
1991	12.98	21826	1893	3.4
1992	11.6	26937	2311	6.4
1993	11.45	35260	2998	14.7
1994	11.21	48108	4044	24.1
1995	10.55	59811	5046	17.1
1996	10.42	70142	5846	8.3
1997	10.06	78061	6420	2.8
1998	9.14	83024	6796	-0.8
1999	8.18	88479	7159	-1.4
2000	7.58	98000	7858	0.4
2001	6.95	108068	8622	0.7
2002	6.45	119096	9398	-0.8
2003	6.01	135174	10542	1.2
2004	5.87	159587	12336	3.9
2005	5.89	184089	14040	1.8
2006	5.38	213132	16024	1.5
